kappa = 0.02:
```
[[0.99       0.00333333 0.00333333 0.00333333 0.         0.         0.         0.        ]
 [0.00333333 0.99       0.00333333 0.         0.00333333 0.         0.         0.        ]
 [0.00333333 0.00333333 0.98666667 0.00333333 0.00333333 0.         0.         0.        ]
 [0.00333333 0.         0.00333333 0.98       0.00333333 0.00333333 0.00333333 0.00333333]
 [0.         0.00333333 0.00333333 0.00333333 0.98       0.00333333 0.00333333 0.00333333]
 [0.         0.         0.         0.00333333 0.00333333 0.98666667 0.00333333 0.00333333]
 [0.         0.         0.         0.00333333 0.00333333 0.00333333 0.98666667 0.00333333]
 [0.         0.         0.         0.00333333 0.00333333 0.00333333 0.00333333 0.98666667]]
```

kappa = 0.3:
```
[[0.85 0.05 0.05 0.05 0.   0.   0.   0.  ]
 [0.05 0.85 0.05 0.   0.05 0.   0.   0.  ]
 [0.05 0.05 0.8  0.05 0.05 0.   0.   0.  ]
 [0.05 0.   0.05 0.7  0.05 0.05 0.05 0.05]
 [0.   0.05 0.05 0.05 0.7  0.05 0.05 0.05]
 [0.   0.   0.   0.05 0.05 0.8  0.05 0.05]
 [0.   0.   0.   0.05 0.05 0.05 0.8  0.05]
 [0.   0.   0.   0.05 0.05 0.05 0.05 0.8 ]]
```

kappa = 0.9:
```
[[0.55 0.15 0.15 0.15 0.   0.   0.   0.  ]
 [0.15 0.55 0.15 0.   0.15 0.   0.   0.  ]
 [0.15 0.15 0.4  0.15 0.15 0.   0.   0.  ]
 [0.15 0.   0.15 0.1  0.15 0.15 0.15 0.15]
 [0.   0.15 0.15 0.15 0.1  0.15 0.15 0.15]
 [0.   0.   0.   0.15 0.15 0.4  0.15 0.15]
 [0.   0.   0.   0.15 0.15 0.15 0.4  0.15]
 [0.   0.   0.   0.15 0.15 0.15 0.15 0.4 ]]
```

constant-edge:
```
[[ 0.32014592  0.22661803  0.22661803  0.22661803  0.          0.          0.          0.        ]
 [ 0.22661803  0.32014592  0.22661803  0.          0.22661803  0.          0.          0.        ]
 [ 0.22661803  0.22661803  0.0935279   0.22661803  0.22661803  0.          0.          0.        ]
 [ 0.22661803  0.          0.22661803 -0.35970815  0.22661803  0.22661803  0.22661803  0.22661803]
 [ 0.          0.22661803  0.22661803  0.22661803 -0.35970815  0.22661803  0.22661803  0.22661803]
 [ 0.          0.          0.          0.22661803  0.22661803  0.0935279   0.22661803  0.22661803]
 [ 0.          0.          0.          0.22661803  0.22661803  0.22661803  0.0935279   0.22661803]
 [ 0.          0.          0.          0.22661803  0.22661803  0.22661803  0.22661803  0.0935279 ]]
```

max-degree:
```
[[0.5        0.16666667 0.16666667 0.16666667 0.         0.         0.         0.        ]
 [0.16666667 0.5        0.16666667 0.         0.16666667 0.         0.         0.        ]
 [0.16666667 0.16666667 0.33333333 0.16666667 0.16666667 0.         0.         0.        ]
 [0.16666667 0.         0.16666667 0.         0.16666667 0.16666667 0.16666667 0.16666667]
 [0.         0.16666667 0.16666667 0.16666667 0.         0.16666667 0.16666667 0.16666667]
 [0.         0.         0.         0.16666667 0.16666667 0.33333333 0.16666667 0.16666667]
 [0.         0.         0.         0.16666667 0.16666667 0.16666667 0.33333333 0.16666667]
 [0.         0.         0.         0.16666667 0.16666667 0.16666667 0.16666667 0.33333333]]
```

local-degree:
```
[[2.50000000e-01 3.33333333e-01 2.50000000e-01 1.66666667e-01 0.00000000e+00 0.00000000e+00 0.00000000e+00 0.00000000e+00]
 [3.33333333e-01 2.50000000e-01 2.50000000e-01 0.00000000e+00 1.66666667e-01 0.00000000e+00 0.00000000e+00 0.00000000e+00]
 [2.50000000e-01 2.50000000e-01 1.66666667e-01 1.66666667e-01 1.66666667e-01 0.00000000e+00 0.00000000e+00 0.00000000e+00]
 [1.66666667e-01 0.00000000e+00 1.66666667e-01 1.11022302e-16 1.66666667e-01 1.66666667e-01 1.66666667e-01 1.66666667e-01]
 [0.00000000e+00 1.66666667e-01 1.66666667e-01 1.66666667e-01 1.11022302e-16 1.66666667e-01 1.66666667e-01 1.66666667e-01]
 [0.00000000e+00 0.00000000e+00 0.00000000e+00 1.66666667e-01 1.66666667e-01 1.66666667e-01 2.50000000e-01 2.50000000e-01]
 [0.00000000e+00 0.00000000e+00 0.00000000e+00 1.66666667e-01 1.66666667e-01 2.50000000e-01 1.66666667e-01 2.50000000e-01]
 [0.00000000e+00 0.00000000e+00 0.00000000e+00 1.66666667e-01 1.66666667e-01 2.50000000e-01 2.50000000e-01 1.66666667e-01]]
```

fmmc:
```
[[ 2.07555887e-01  3.08478687e-01  1.50630968e-01  3.33334458e-01  0.00000000e+00  0.00000000e+00  0.00000000e+00  0.00000000e+00]
 [ 3.08478687e-01  2.07555887e-01  1.50630968e-01  0.00000000e+00  3.33334458e-01  0.00000000e+00  0.00000000e+00  0.00000000e+00]
 [ 1.50630968e-01  1.50630968e-01  3.65400700e-01  1.66668681e-01  1.66668681e-01  0.00000000e+00  0.00000000e+00  0.00000000e+00]
 [ 3.33334458e-01  0.00000000e+00  1.66668681e-01 -1.65024474e-06 -1.66340754e-06  1.66666725e-01  1.66666725e-01  1.66666725e-01]
 [ 0.00000000e+00  3.33334458e-01  1.66668681e-01 -1.66340754e-06 -1.65024474e-06  1.66666725e-01  1.66666725e-01  1.66666725e-01]
 [ 0.00000000e+00  0.00000000e+00  0.00000000e+00  1.66666725e-01  1.66666725e-01  2.45234344e-01  2.10716103e-01  2.10716103e-01]
 [ 0.00000000e+00  0.00000000e+00  0.00000000e+00  1.66666725e-01  1.66666725e-01  2.10716103e-01  2.45234344e-01  2.10716103e-01]
 [ 0.00000000e+00  0.00000000e+00  0.00000000e+00  1.66666725e-01  1.66666725e-01  2.10716103e-01  2.10716103e-01  2.45234344e-01]]
```

fdla:
```
[[ 0.22190584  0.22190485  0.15619138  0.39999793  0.          0.          0.          0.        ]
 [ 0.22190485  0.22190584  0.15619138  0.          0.39999793  0.          0.          0.        ]
 [ 0.15619138  0.15619138  0.28762082  0.19999821  0.19999821  0.          0.          0.        ]
 [ 0.39999793  0.          0.19999821 -0.09999513 -0.09999635  0.19999845  0.19999845  0.19999845]
 [ 0.          0.39999793  0.19999821 -0.09999635 -0.09999513  0.19999845  0.19999845  0.19999845]
 [ 0.          0.          0.          0.19999845  0.19999845  0.20000228  0.20000041  0.20000041]
 [ 0.          0.          0.          0.19999845  0.19999845  0.20000041  0.20000228  0.20000041]
 [ 0.          0.          0.          0.19999845  0.19999845  0.20000041  0.20000041  0.20000228]]
```

lmsc:
```
[[0.2552728  0.25527282 0.22135582 0.26809856 0.         0.         0.         0.        ]
 [0.25527282 0.25527281 0.22135582 0.         0.26809855 0.         0.         0.        ]
 [0.22135582 0.22135582 0.18502415 0.18613211 0.1861321  0.         0.         0.        ]
 [0.26809856 0.         0.18613211 0.00381101 0.00381103 0.17938243 0.17938243 0.17938243]
 [0.         0.26809855 0.1861321  0.00381103 0.00381105 0.17938242 0.17938242 0.17938242]
 [0.         0.         0.         0.17938243 0.17938242 0.21374505 0.21374505 0.21374505]
 [0.         0.         0.         0.17938243 0.17938242 0.21374505 0.21374505 0.21374505]
 [0.         0.         0.         0.17938243 0.17938242 0.21374505 0.21374505 0.21374505]]
```

