kappa = 0.02:
```txt
[[0.99  0.003 0.003 0.003 0.    0.    0.    0.   ]
 [0.003 0.99  0.003 0.    0.003 0.    0.    0.   ]
 [0.003 0.003 0.987 0.003 0.003 0.    0.    0.   ]
 [0.003 0.    0.003 0.98  0.003 0.003 0.003 0.003]
 [0.    0.003 0.003 0.003 0.98  0.003 0.003 0.003]
 [0.    0.    0.    0.003 0.003 0.987 0.003 0.003]
 [0.    0.    0.    0.003 0.003 0.003 0.987 0.003]
 [0.    0.    0.    0.003 0.003 0.003 0.003 0.987]]
```

kappa = 0.3:
```txt
[[0.85 0.05 0.05 0.05 0.   0.   0.   0.  ]
 [0.05 0.85 0.05 0.   0.05 0.   0.   0.  ]
 [0.05 0.05 0.8  0.05 0.05 0.   0.   0.  ]
 [0.05 0.   0.05 0.7  0.05 0.05 0.05 0.05]
 [0.   0.05 0.05 0.05 0.7  0.05 0.05 0.05]
 [0.   0.   0.   0.05 0.05 0.8  0.05 0.05]
 [0.   0.   0.   0.05 0.05 0.05 0.8  0.05]
 [0.   0.   0.   0.05 0.05 0.05 0.05 0.8 ]]
```

kappa = 0.9:
```txt
[[0.55 0.15 0.15 0.15 0.   0.   0.   0.  ]
 [0.15 0.55 0.15 0.   0.15 0.   0.   0.  ]
 [0.15 0.15 0.4  0.15 0.15 0.   0.   0.  ]
 [0.15 0.   0.15 0.1  0.15 0.15 0.15 0.15]
 [0.   0.15 0.15 0.15 0.1  0.15 0.15 0.15]
 [0.   0.   0.   0.15 0.15 0.4  0.15 0.15]
 [0.   0.   0.   0.15 0.15 0.15 0.4  0.15]
 [0.   0.   0.   0.15 0.15 0.15 0.15 0.4 ]]
```

constant-edge:
```txt
[[ 0.32   0.227  0.227  0.227  0.     0.     0.     0.   ]
 [ 0.227  0.32   0.227  0.     0.227  0.     0.     0.   ]
 [ 0.227  0.227  0.094  0.227  0.227  0.     0.     0.   ]
 [ 0.227  0.     0.227 -0.36   0.227  0.227  0.227  0.227]
 [ 0.     0.227  0.227  0.227 -0.36   0.227  0.227  0.227]
 [ 0.     0.     0.     0.227  0.227  0.094  0.227  0.227]
 [ 0.     0.     0.     0.227  0.227  0.227  0.094  0.227]
 [ 0.     0.     0.     0.227  0.227  0.227  0.227  0.094]]
```

max-degree:
```txt
[[0.5   0.167 0.167 0.167 0.    0.    0.    0.   ]
 [0.167 0.5   0.167 0.    0.167 0.    0.    0.   ]
 [0.167 0.167 0.333 0.167 0.167 0.    0.    0.   ]
 [0.167 0.    0.167 0.    0.167 0.167 0.167 0.167]
 [0.    0.167 0.167 0.167 0.    0.167 0.167 0.167]
 [0.    0.    0.    0.167 0.167 0.333 0.167 0.167]
 [0.    0.    0.    0.167 0.167 0.167 0.333 0.167]
 [0.    0.    0.    0.167 0.167 0.167 0.167 0.333]]
```

local-degree:
```txt
[[0.25  0.333 0.25  0.167 0.    0.    0.    0.   ]
 [0.333 0.25  0.25  0.    0.167 0.    0.    0.   ]
 [0.25  0.25  0.167 0.167 0.167 0.    0.    0.   ]
 [0.167 0.    0.167 0.    0.167 0.167 0.167 0.167]
 [0.    0.167 0.167 0.167 0.    0.167 0.167 0.167]
 [0.    0.    0.    0.167 0.167 0.167 0.25  0.25 ]
 [0.    0.    0.    0.167 0.167 0.25  0.167 0.25 ]
 [0.    0.    0.    0.167 0.167 0.25  0.25  0.167]]
```

fmmc:
```txt
[[ 0.208  0.308  0.151  0.333  0.     0.     0.     0.   ]
 [ 0.308  0.208  0.151  0.     0.333  0.     0.     0.   ]
 [ 0.151  0.151  0.365  0.167  0.167  0.     0.     0.   ]
 [ 0.333  0.     0.167 -0.    -0.     0.167  0.167  0.167]
 [ 0.     0.333  0.167 -0.    -0.     0.167  0.167  0.167]
 [ 0.     0.     0.     0.167  0.167  0.245  0.211  0.211]
 [ 0.     0.     0.     0.167  0.167  0.211  0.245  0.211]
 [ 0.     0.     0.     0.167  0.167  0.211  0.211  0.245]]
```

fdla:
```txt
[[ 0.222  0.222  0.156  0.4    0.     0.     0.     0.   ]
 [ 0.222  0.222  0.156  0.     0.4    0.     0.     0.   ]
 [ 0.156  0.156  0.288  0.2    0.2    0.     0.     0.   ]
 [ 0.4    0.     0.2   -0.1   -0.1    0.2    0.2    0.2  ]
 [ 0.     0.4    0.2   -0.1   -0.1    0.2    0.2    0.2  ]
 [ 0.     0.     0.     0.2    0.2    0.2    0.2    0.2  ]
 [ 0.     0.     0.     0.2    0.2    0.2    0.2    0.2  ]
 [ 0.     0.     0.     0.2    0.2    0.2    0.2    0.2  ]]
```

lmsc:
```txt
[[0.255 0.255 0.221 0.268 0.    0.    0.    0.   ]
 [0.255 0.255 0.221 0.    0.268 0.    0.    0.   ]
 [0.221 0.221 0.185 0.186 0.186 0.    0.    0.   ]
 [0.268 0.    0.186 0.004 0.004 0.179 0.179 0.179]
 [0.    0.268 0.186 0.004 0.004 0.179 0.179 0.179]
 [0.    0.    0.    0.179 0.179 0.214 0.214 0.214]
 [0.    0.    0.    0.179 0.179 0.214 0.214 0.214]
 [0.    0.    0.    0.179 0.179 0.214 0.214 0.214]]
```

