kappa = 0.02:
```txt
[[0.987 0.007 0.007 0.    0.   ]
 [0.007 0.98  0.007 0.007 0.   ]
 [0.007 0.007 0.98  0.    0.007]
 [0.    0.007 0.    0.987 0.007]
 [0.    0.    0.007 0.007 0.987]]
```

kappa = 0.3:
```txt
[[0.8 0.1 0.1 0.  0. ]
 [0.1 0.7 0.1 0.1 0. ]
 [0.1 0.1 0.7 0.  0.1]
 [0.  0.1 0.  0.8 0.1]
 [0.  0.  0.1 0.1 0.8]]
```

kappa = 0.9:
```txt
[[0.4 0.3 0.3 0.  0. ]
 [0.3 0.1 0.3 0.3 0. ]
 [0.3 0.3 0.1 0.  0.3]
 [0.  0.3 0.  0.4 0.3]
 [0.  0.  0.3 0.3 0.4]]
```

constant-edge:
```txt
[[0.333 0.333 0.333 0.    0.   ]
 [0.333 0.    0.333 0.333 0.   ]
 [0.333 0.333 0.    0.    0.333]
 [0.    0.333 0.    0.333 0.333]
 [0.    0.    0.333 0.333 0.333]]
```

max-degree:
```txt
[[0.333 0.333 0.333 0.    0.   ]
 [0.333 0.    0.333 0.333 0.   ]
 [0.333 0.333 0.    0.    0.333]
 [0.    0.333 0.    0.333 0.333]
 [0.    0.    0.333 0.333 0.333]]
```

local-degree:
```txt
[[0.333 0.333 0.333 0.    0.   ]
 [0.333 0.    0.333 0.333 0.   ]
 [0.333 0.333 0.    0.    0.333]
 [0.    0.333 0.    0.167 0.5  ]
 [0.    0.    0.333 0.5   0.167]]
```

fmmc:
```txt
[[0.238 0.381 0.381 0.    0.   ]
 [0.381 0.095 0.095 0.429 0.   ]
 [0.381 0.095 0.095 0.    0.429]
 [0.    0.429 0.    0.286 0.286]
 [0.    0.    0.429 0.286 0.286]]
```

fdla:
```txt
[[0.238 0.381 0.381 0.    0.   ]
 [0.381 0.095 0.095 0.429 0.   ]
 [0.381 0.095 0.095 0.    0.429]
 [0.    0.429 0.    0.286 0.286]
 [0.    0.    0.429 0.286 0.286]]
```

lmsc:
```txt
[[0.362 0.319 0.319 0.    0.   ]
 [0.319 0.173 0.173 0.335 0.   ]
 [0.319 0.173 0.173 0.    0.335]
 [0.    0.335 0.    0.332 0.332]
 [0.    0.    0.335 0.332 0.332]]
```

