kappa = 0.02:
```
[[0.98666667 0.00666667 0.00666667 0.         0.        ]
 [0.00666667 0.98       0.00666667 0.00666667 0.        ]
 [0.00666667 0.00666667 0.98       0.         0.00666667]
 [0.         0.00666667 0.         0.98666667 0.00666667]
 [0.         0.         0.00666667 0.00666667 0.98666667]]
```

kappa = 0.3:
```
[[0.8 0.1 0.1 0.  0. ]
 [0.1 0.7 0.1 0.1 0. ]
 [0.1 0.1 0.7 0.  0.1]
 [0.  0.1 0.  0.8 0.1]
 [0.  0.  0.1 0.1 0.8]]
```

kappa = 0.9:
```
[[0.4 0.3 0.3 0.  0. ]
 [0.3 0.1 0.3 0.3 0. ]
 [0.3 0.3 0.1 0.  0.3]
 [0.  0.3 0.  0.4 0.3]
 [0.  0.  0.3 0.3 0.4]]
```

constant-edge:
```
[[0.33333333 0.33333333 0.33333333 0.         0.        ]
 [0.33333333 0.         0.33333333 0.33333333 0.        ]
 [0.33333333 0.33333333 0.         0.         0.33333333]
 [0.         0.33333333 0.         0.33333333 0.33333333]
 [0.         0.         0.33333333 0.33333333 0.33333333]]
```

max-degree:
```
[[0.33333333 0.33333333 0.33333333 0.         0.        ]
 [0.33333333 0.         0.33333333 0.33333333 0.        ]
 [0.33333333 0.33333333 0.         0.         0.33333333]
 [0.         0.33333333 0.         0.33333333 0.33333333]
 [0.         0.         0.33333333 0.33333333 0.33333333]]
```

local-degree:
```
[[0.33333333 0.33333333 0.33333333 0.         0.        ]
 [0.33333333 0.         0.33333333 0.33333333 0.        ]
 [0.33333333 0.33333333 0.         0.         0.33333333]
 [0.         0.33333333 0.         0.16666667 0.5       ]
 [0.         0.         0.33333333 0.5        0.16666667]]
```

fmmc:
```
[[0.23809454 0.38095273 0.38095273 0.         0.        ]
 [0.38095273 0.0952354  0.09523701 0.42857486 0.        ]
 [0.38095273 0.09523701 0.0952354  0.         0.42857486]
 [0.         0.42857486 0.         0.28571186 0.28571328]
 [0.         0.         0.42857486 0.28571328 0.28571186]]
```

fdla:
```
[[0.23809522 0.38095239 0.38095239 0.         0.        ]
 [0.38095239 0.0952381  0.0952381  0.42857142 0.        ]
 [0.38095239 0.0952381  0.0952381  0.         0.42857142]
 [0.         0.42857142 0.         0.28571429 0.28571429]
 [0.         0.         0.42857142 0.28571429 0.28571429]]
```

lmsc:
```
[[0.36161435 0.31919283 0.31919282 0.         0.        ]
 [0.31919283 0.17267104 0.17267102 0.33546511 0.        ]
 [0.31919282 0.17267102 0.17267105 0.         0.33546511]
 [0.         0.33546511 0.         0.33226746 0.33226743]
 [0.         0.         0.33546511 0.33226743 0.33226746]]
```

