Simulation started at Sat Apr 29 16:13:19 2023
Network: all-to-all
kappa 0.02          : 0.9750000000000001 39.497890205207355
Constant-edge       : 3.6082248300317607e-16 0.02812295140469546
Max-degree          : 0.25 0.7213475204444817
Local-degree        : 0.25 0.7213475204444817
FMMC                : 5.173846763654937e-08 0.05960518380779702
FDLA                : 2.8593117679109894e-08 0.05757019315757093
LMSC                : 6.119360100291399e-09 0.052877016512130275
[[0.2 0.2 0.2 0.2 0.2]
 [0.2 0.2 0.2 0.2 0.2]
 [0.2 0.2 0.2 0.2 0.2]
 [0.2 0.2 0.2 0.2 0.2]
 [0.2 0.2 0.2 0.2 0.2]]



Network: house
kappa 0.02          : 0.9907868932583322 108.04024834610298
Constant-edge       : 0.5393446629166323 1.6196942810106185
Max-degree          : 0.5393446629166323 1.6196942810106185
Local-degree        : 0.6666666666666664 2.466303462376429
FMMC                : 0.4285763765338595 1.1802385829332096
FDLA                : 0.42857144053392876 1.1802225400238533
LMSC                : 0.5429848753119568 1.637535420874886
[[0.36161435 0.31919283 0.31919282 0.         0.        ]
 [0.31919283 0.17267104 0.17267102 0.33546511 0.        ]
 [0.31919282 0.17267102 0.17267105 0.         0.33546511]
 [0.         0.33546511 0.         0.33226746 0.33226743]
 [0.         0.         0.33546511 0.33226743 0.33226746]]



Network: ring
kappa 0.02          : 0.9861803398874994 71.8595201086926
Constant-edge       : 0.4472135954999583 1.2426698691192248
Max-degree          : 0.8090169943749476 4.718419905160125
Local-degree        : 0.8090169943749476 4.718419905160125
FMMC                : 0.44721654846557 1.24268006575855
FDLA                : 0.44721567739681695 1.2426770579332724
LMSC                : 0.5063238596327857 1.4693376223363979
[[0.28554518 0.35722741 0.         0.         0.35722741]
 [0.35722741 0.28554518 0.35722741 0.         0.        ]
 [0.         0.35722741 0.28554518 0.35722741 0.        ]
 [0.         0.         0.35722741 0.28554518 0.35722741]
 [0.35722741 0.         0.         0.35722741 0.28554518]]



Network: line
kappa 0.02          : 0.996180339887499 261.3030799605947
Constant-edge       : 0.8090169943749486 4.718419905160153
Max-degree          : 0.8090169943749482 4.718419905160145
Local-degree        : 0.8090169943749482 4.718419905160145
FMMC                : 0.8090171115131043 4.718423128708421
FDLA                : 0.8090170710775095 4.718422015952779
LMSC                : 0.8372169060007023 5.628345854615979
[[0.55681919 0.44318081 0.         0.         0.        ]
 [0.44318081 0.13675033 0.42006886 0.         0.        ]
 [0.         0.42006886 0.15986225 0.42006889 0.        ]
 [0.         0.         0.42006889 0.13675034 0.44318078]
 [0.         0.         0.         0.44318078 0.55681922]]



Network: star
kappa 0.02          : 0.9950000000000003 199.49958228836863
Constant-edge       : 0.6666666666666669 2.4663034623764335
Max-degree          : 0.7500000000000001 3.47605949678221
Local-degree        : 0.7500000000000001 3.47605949678221
FMMC                : 0.7500039437952 3.4761230348918475
FDLA                : 0.6666693427131177 2.4663278787611786
LMSC                : 0.034100292978434296 0.2959937859999779
[[-2.86359883  0.96589971  0.96589971  0.96589971  0.96589971]
 [ 0.96589971  0.03410029  0.          0.          0.        ]
 [ 0.96589971  0.          0.03410029  0.          0.        ]
 [ 0.96589971  0.          0.          0.03410029  0.        ]
 [ 0.96589971  0.          0.          0.          0.03410029]]



Network: 8-agents
kappa 0.02          : 0.9949245078266962 196.52480344191792
Constant-edge       : 0.6549405955940697 2.3628889879838644
Max-degree          : 0.7462253913348293 3.416145351087074
Local-degree        : 0.7431528017284581 3.3686638764416488
FMMC                : 0.6666655621218885 2.466293384565734
FDLA                : 0.600002840551154 1.957633331967571
LMSC                : 0.6745654130016006 2.540091353764366
[[0.2552728  0.25527282 0.22135582 0.26809856 0.         0.
  0.         0.        ]
 [0.25527282 0.25527281 0.22135582 0.         0.26809855 0.
  0.         0.        ]
 [0.22135582 0.22135582 0.18502415 0.18613211 0.1861321  0.
  0.         0.        ]
 [0.26809856 0.         0.18613211 0.00381101 0.00381103 0.17938243
  0.17938243 0.17938243]
 [0.         0.26809855 0.1861321  0.00381103 0.00381105 0.17938242
  0.17938242 0.17938242]
 [0.         0.         0.         0.17938243 0.17938242 0.21374505
  0.21374505 0.21374505]
 [0.         0.         0.         0.17938243 0.17938242 0.21374505
  0.21374505 0.21374505]
 [0.         0.         0.         0.17938243 0.17938242 0.21374505
  0.21374505 0.21374505]]



