Simulation started at Sat Jul  1 18:59:20 2023
Network: 3-regular 100
Constant-edge       : 0.9330730918107702 14.435901159269024
Max-degree          : 0.9333026967033166 14.4873582398817
Local-degree        : 0.9333026967033166 14.4873582398817
FDLA                : 0.9191113631580226 11.855647718850943
Avg                 : 0.9333026967033166 14.4873582398817
[0.01178577 0.01430441 0.03693667 0.05820549 0.06152278 0.06883651 0.08371349 0.0951468  0.09870966 0.11625773 0.11722068 0.1273943  0.13903965 0.14450655 0.16379469 0.16669384 0.17324439 0.19143257 0.19911019 0.2129669  0.21411917 0.22149184 0.22830608 0.24636712 0.26824607 0.27272484 0.28945226 0.29107035 0.3216949  0.33037371 0.35467748 0.35793838 0.36479127 0.37831244 0.39006651 0.39288998 0.39362437 0.40403743 0.41474574 0.43399194 0.43475475 0.44845949 0.46378194 0.47631197 0.48601772 0.49846356 0.50482549 0.51322385 0.52935612 0.53621066 0.54175894 0.54244091 0.54429283 0.54813107 0.57507374 0.58566973 0.59052637 0.5965362  0.6048133  0.61703462 0.61728145 0.62596513 0.62717209 0.65112587 0.66057498 0.67569711 0.67597293 0.68449638 0.6955682  0.6990013  0.70594421 0.70645896 0.73353455 0.73726732 0.74045088 0.74833177 0.75910728 0.76764112 0.76815726 0.77916326 0.78457422 0.78663957 0.80503922 0.81176781 0.81401136 0.82987493 0.83317866 0.843288   0.85663147 0.86220444 0.86760216 0.87773878 0.88907998 0.89561237 0.90652549 0.91297752 0.91369774 0.92644133 0.9333027  1.        ]
0.06669730329668655



